26105|2026-09-14|10,14,30,33,34|09,12|797986462|3|9415460
26104|2026-09-12|01,06,14,15,26|08,09|768328091|7|6952434
26103|2026-09-09|03,16,17,32,35|02,12|763164025|3|10000000
26102|2026-09-07|01,03,07,27,28|06,07|725321799|1|10000000
26101|2026-09-05|09,11,18,26,33|09,11|692723357|10|5927001
26100|2026-09-02|02,06,11,15,31|07,08|728785802|6|6733541
26099|2026-08-31|02,17,20,29,33|08,09|728556728|4|8305500
26098|2026-08-29|07,09,18,19,21|02,09|706544164|15|5050505
26097|2026-08-26|03,10,12,20,25|01,09|762988476|7|6840926
26096|2026-08-24|08,09,10,11,25|04,12|760346716|9|6561952
26095|2026-08-22|04,06,08,10,14|04,05|801693150|6|7103866
26094|2026-08-19|05,14,15,17,33|01,07|795085879|3|8380751
26093|2026-08-17|08,10,22,26,29|03,10|772986653|10|5848781
26092|2026-08-15|12,16,19,29,33|07,09|822403232|4|9601645
26091|2026-08-12|03,04,07,12,32|01,02|835359282|3|10000000
26090|2026-08-10|09,14,17,19,24|02,09|825721619|2|10000000
26089|2026-08-08|03,07,12,14,26|05,11|817996545|3|9058951
26088|2026-08-05|03,09,11,24,27|05,11|792266898|2|9662603
26087|2026-08-03|05,10,16,24,27|04,10|768406559|9|6547013
26086|2026-08-01|10,11,18,22,35|06,12|813207390|2|10000000
26085|2026-07-29|03,04,14,28,31|05,07|804161465|2|10000000
26084|2026-07-27|13,25,30,32,33|04,05|770490758|8|6621689
26083|2026-07-25|14,15,16,23,26|07,09|772867560|8|7215569
26082|2026-07-22|16,26,27,28,34|02,06|807119056|5|8286251
26081|2026-07-20|08,16,18,24,34|09,12|784468404|5|8031396
26080|2026-07-18|05,10,15,21,23|07,08|765513154|10|6006451
26079|2026-07-15|06,08,23,26,27|05,12|794651243|5|6673829
26078|2026-07-13|02,13,20,25,32|08,11|818797138|5|8216073
26077|2026-07-11|04,14,19,24,27|06,07|797164073|2|9470883
26076|2026-07-08|15,20,27,28,35|02,11|804904837|4|10000000
26075|2026-07-06|01,06,16,18,26|04,10|814593834|3|10000000
26074|2026-07-04|01,04,10,23,25|01,12|818314177|6|7752365
26073|2026-07-01|04,10,22,23,33|02,12|798037522|6|8427733
26072|2026-06-29|01,13,26,29,30|09,11|820383228|5|8484040
26071|2026-06-27|05,13,22,26,32|02,03|844492277|1|10000000
26070|2026-06-24|04,05,15,21,32|02,11|814894462|1|10000000
26069|2026-06-22|12,19,21,24,29|03,10|757966458|8|7110906
26068|2026-06-20|03,11,12,21,22|06,10|802145381|5|7366555
26067|2026-06-17|06,16,18,19,28|07,11|791339917|6|7300268
26066|2026-06-15|10,13,19,21,30|04,05|817519005|2|10000000
26065|2026-06-13|04,11,12,13,25|04,08|802840285|6|7598219
26064|2026-06-10|03,13,15,17,21|02,07|787631261|4|8286328
26063|2026-06-08|03,15,20,29,31|01,12|762261292|5|7715951
26062|2026-06-06|07,15,20,24,29|04,10|738675961|15|5747126
26061|2026-06-03|10,12,26,31,35|02,12|807705564|4|10000000
26060|2026-06-01|22,28,30,31,34|01,05|769160539|37|2645502
26059|2026-05-30|06,13,17,19,26|07,08|818749861|3|10000000
26058|2026-05-27|07,12,13,18,34|01,05|786536914|5|9961936
26057|2026-05-25|23,25,26,27,34|04,10|801147297|4|9617059
26056|2026-05-23|06,07,18,21,30|01,05|767589410|6|7155614
26055|2026-05-20|09,10,20,33,35|04,11|757078646|4|10000000
26054|2026-05-18|02,06,14,22,24|08,11|718927618|13|6280305
26053|2026-05-16|02,09,14,20,31|05,09|738749152|14|4901960
26052|2026-05-13|02,03,20,28,33|02,12|782179260|9|6295115
26051|2026-05-11|13,18,28,32,33|02,11|799348751|4|9612284
26050|2026-05-09|06,10,14,23,33|08,10|812279269|6|8052622
26049|2026-05-06|01,06,14,15,17|02,03|786081563|6|7126897
26048|2026-05-04|11,17,20,23,35|01,10|778139138|7|6806380
26047|2026-05-02|09,20,21,23,28|06,11|776088009|5|7415209
26046|2026-04-29|01,13,18,27,33|04,07|801117818|6|6930508
26045|2026-04-27|01,15,21,26,33|04,07|795611860|7|6675078
26044|2026-04-25|03,08,22,26,29|07,10|796949218|8|6329954
26043|2026-04-22|08,12,14,19,22|11,12|835097420|1|10000000
26042|2026-04-20|02,07,13,19,24|03,08|783361004|5|7688311
26041|2026-04-18|24,25,27,29,34|02,06|804564900|6|8170700
26040|2026-04-15|06,12,13,21,34|08,09|776038689|6|7492423
26039|2026-04-13|09,11,20,26,27|06,09|760888094|11|5717710
26038|2026-04-11|08,17,21,33,35|06,07|799997856|2|10000000
26037|2026-04-08|07,12,13,28,32|06,08|756781636|5|8402519
26036|2026-04-06|04,07,16,26,32|05,08|732445105|9|6291520
26035|2026-04-04|02,22,30,33,34|08,12|744740092|11|6715340
26034|2026-04-01|11,12,25,26,27|08,11|745020716|6|6785341
26033|2026-03-30|03,05,07,09,18|02,10|743671788|12|5620374
26032|2026-03-28|03,04,19,26,32|01,12|787204236|6|8149825
26031|2026-03-25|06,08,22,29,34|05,07|762397268|9|7576500
26030|2026-03-23|02,13,22,28,34|05,12|801741817|8|7605701
26029|2026-03-21|03,05,17,33,35|05,07|834276730|6|7877022
26028|2026-03-18|15,27,29,30,34|01,10|861344046|1|10000000
26027|2026-03-16|09,10,11,12,16|01,11|799972392|7|6985349
26026|2026-03-14|10,11,22,26,32|01,08|794063794|3|9638333
26025|2026-03-11|03,15,24,28,29|03,07|761949362|10|5872341
26024|2026-03-09|02,04,08,10,21|09,12|790603787|3|9889639
26023|2026-03-07|09,25,26,27,28|01,08|763063925|6|7177297
26022|2026-03-04|05,09,10,18,26|05,06|753076288|10|5746008
26021|2026-03-02|05,08,12,14,17|04,05|783711295|7|6463717
26020|2026-02-28|01,10,21,23,29|10,12|823831821|3|10000000
26019|2026-02-25|12,13,14,16,31|04,12|780263624|8|7528120
26018|2026-02-11|09,11,19,30,35|01,12|761611231|7|6692203
26017|2026-02-09|04,05,10,23,31|07,12|762704025|6|7044236
26016|2026-02-07|08,09,12,19,24|01,06|755649052|13|5925957
26015|2026-02-04|01,04,10,13,17|03,11|829148796|4|9339920
26014|2026-02-02|16,18,23,34,35|01,06|842732986|2|10000000
26013|2026-01-31|03,05,06,23,26|01,04|782886373|10|6149358
26012|2026-01-28|01,02,09,22,25|01,06|799554979|5|6986204
26011|2026-01-26|14,21,23,29,33|02,10|793323031|3|10000000
26010|2026-01-24|02,03,13,18,26|02,09|751872266|4|7802471
26009|2026-01-21|05,12,13,14,33|05,08|734360129|5|7330817
26008|2026-01-19|03,06,17,21,33|05,11|724155773|4|7691274
26007|2026-01-17|01,03,13,20,26|03,10|710693230|18|5482790
26006|2026-01-14|05,12,18,23,35|06,12|787011244|8|6674129
26005|2026-01-12|02,04,16,23,35|06,11|788287446|8|7117857
26004|2026-01-10|05,18,23,25,32|05,09|779153161|11|7203146
26003|2026-01-07|02,09,11,15,16|02,04|829620750|7|8930618
26002|2026-01-05|04,08,15,20,31|07,08|858169057|6|9775062
26001|2026-01-03|07,09,23,27,32|02,08|875846393|13|6570234
25150|2025-12-31|13,14,15,28,31|01,05|942601223|4|10000000
25149|2025-12-29|24,26,30,31,32|05,12|921221228|1|10000000
25148|2025-12-27|03,04,14,30,32|08,12|869158981|2|10000000
25147|2025-12-24|06,16,21,25,33|07,08|816064823|1|10000000
25146|2025-12-22|06,11,13,16,22|02,03|762703697|4|8749278
25145|2025-12-20|05,07,20,22,25|04,05|739212071|12|6856186
25144|2025-12-17|02,05,13,15,28|05,08|818422788|15|6101535
25143|2025-12-15|03,04,18,24,29|07,12|891182916|2|10000000
25142|2025-12-13|09,10,14,27,29|02,09|850180600|3|10000000
25141|2025-12-10|04,09,24,28,29|02,10|830232369|6|9722298
25140|2025-12-08|04,05,13,18,34|02,08|850018675|3|10000000
25139|2025-12-06|08,18,22,30,35|01,04|830587732|4|9709642
25138|2025-12-03|01,03,19,21,23|07,11|795955875|6|7222472
25137|2025-12-01|07,08,09,11,22|05,11|784972572|7|6774667
25136|2025-11-29|07,11,15,16,23|09,11|783829598|11|9163843
25135|2025-11-26|02,10,16,28,32|01,07|813180323|5|7889103
25134|2025-11-24|07,12,18,27,33|09,10|793585609|8|8817317
25133|2025-11-22|04,11,23,27,35|07,11|818773871|9|9025594
25132|2025-11-19|01,09,10,12,19|06,07|850074477|8|8610168
25131|2025-11-17|03,08,25,29,32|09,12|878666213|3|10000000
25130|2025-11-15|01,13,16,27,29|02,11|855509809|5|10000000
25129|2025-11-12|03,09,14,28,35|02,04|826944600|3|10000000
25128|2025-11-10|03,06,26,30,33|11,12|806116344|9|9682656
25127|2025-11-08|04,05,19,28,29|05,08|827515757|36|5427642
25126|2025-11-05|01,08,18,27,30|06,07|1033170236|8|8218910
25125|2025-11-03|10,11,13,19,35|04,11|1071539156|4|10000000
25124|2025-11-01|06,09,14,26,27|08,09|1062300761|18|6587901
25123|2025-10-29|08,13,24,25,31|04,10|1136294713|9|10000000
25122|2025-10-27|02,03,06,16,17|04,05|1153025368|9|8046946
25121|2025-10-25|02,03,08,13,21|07,12|1201113535|10|9198484
25120|2025-10-22|11,13,22,26,35|02,08|1229721100|8|9990487
25119|2025-10-20|08,15,27,29,31|01,07|1247363715|3|10000000
25118|2025-10-18|02,08,09,12,21|04,05|1209569201|4|10000000
25117|2025-10-15|05,10,18,21,29|05,07|1200034223|12|7523798
25116|2025-10-13|02,06,16,22,29|08,12|1245943636|0|0
25115|2025-10-11|03,12,14,21,35|01,05|1188143075|3|10000000
25114|2025-10-08|03,08,09,12,16|01,05|1144042318|8|8266633
25113|2025-10-06|01,14,18,28,35|02,03|1174480898|14|8165613
25112|2025-09-29|03,04,21,23,24|09,12|1222244292|7|10000000
25111|2025-09-27|02,09,14,21,26|02,12|1227497634|5|10000000
25110|2025-09-24|01,15,22,30,31|02,08|1216735503|6|10000000
25109|2025-09-22|04,08,10,13,26|09,10|1212757053|3|10000000
25108|2025-09-20|14,18,21,24,29|03,06|1188449971|6|10000000
25107|2025-09-17|05,07,08,15,33|06,10|1185080984|7|10000000
25106|2025-09-15|05,06,11,26,29|05,10|1199200033|12|7501830
25105|2025-09-13|15,16,25,28,34|10,12|1251025275|3|10000000
25104|2025-09-10|02,06,09,22,34|02,08|1199979893|4|10000000
25103|2025-09-08|05,08,19,32,34|04,05|1180433358|4|10000000
25102|2025-09-06|09,10,13,26,28|02,04|1157865481|1|10000000
25101|2025-09-03|05,07,19,26,32|08,09|1106707325|9|8239676
25100|2025-09-01|26,28,32,34,35|02,07|1140476607|2|10000000
25099|2025-08-30|06,12,20,26,31|02,04|1089336925|12|7989550
25098|2025-08-27|01,07,09,10,23|10,12|1129247144|1|10000000
25097|2025-08-25|05,24,25,32,34|01,09|1077551662|3|10000000
25096|2025-08-23|02,11,17,22,24|07,09|1040644815|12|7695748
25095|2025-08-20|07,13,14,19,27|06,10|1082529388|8|8079377
25094|2025-08-18|04,09,17,30,33|05,09|1116595094|13|8274828
25093|2025-08-16|01,07,09,16,30|02,05|1157754345|6|10000000
25092|2025-08-13|04,10,17,25,32|05,07|1153953579|14|6332890
25091|2025-08-11|01,19,22,25,27|03,10|1254338103|2|10000000
25090|2025-08-09|06,14,19,22,27|01,04|1200005188|7|9645715
25089|2025-08-06|02,11,12,32,34|03,10|1218712702|68|5572232
25088|2025-08-04|08,09,10,11,35|05,11|1540665716|9|7817069
25087|2025-08-02|05,13,14,16,20|03,08|1579681545|14|6980988
25086|2025-07-30|02,06,23,24,33|01,10|1646600668|2|10000000
25085|2025-07-28|02,05,09,14,33|04,09|1595323743|25|5907764
25084|2025-07-26|09,11,13,18,29|04,11|1790261424|3|10000000
25083|2025-07-23|12,17,18,20,34|02,05|1769075337|3|10000000
25082|2025-07-21|02,03,04,12,26|01,08|1735099174|4|10000000
25081|2025-07-19|01,04,06,15,18|02,03|1745616945|5|10000000
25080|2025-07-16|09,10,18,22,24|03,12|1723670049|2|10000000
25079|2025-07-14|02,14,32,34,35|05,11|1685844587|3|10000000
25078|2025-07-12|07,10,15,21,24|05,06|1653989427|5|10000000
25077|2025-07-09|12,14,16,19,28|01,04|1664896850|2|10000000
25076|2025-07-07|11,18,22,25,29|04,12|1612133475|7|10000000
25075|2025-07-05|08,12,16,19,35|06,09|1627185579|9|8126105
25074|2025-07-02|02,11,15,18,21|05,10|1661629014|10|8367964
25073|2025-06-30|01,04,17,33,34|03,09|1695259566|11|7635760
25072|2025-06-28|04,07,15,24,29|01,04|1739661641|6|10000000
25071|2025-06-25|01,08,25,31,33|05,11|1743326978|3|10000000
25070|2025-06-23|08,09,15,20,22|04,12|1718532211|2|10000000
25069|2025-06-21|04,06,07,33,34|09,10|1677561945|3|10000000
25068|2025-06-18|01,04,17,20,22|04,10|1628402090|2|10000000
25067|2025-06-16|06,10,12,21,22|01,06|1588528359|5|10000000
25066|2025-06-14|15,18,27,28,34|03,06|1579075869|3|10000000
25065|2025-06-11|07,25,32,33,35|04,09|1539171328|4|10000000
25064|2025-06-09|05,10,18,20,34|01,08|1534694450|2|10000000
25063|2025-06-07|05,18,26,29,32|07,10|1482278557|11|7822918
25062|2025-06-04|14,20,27,28,29|06,10|1525360041|3|10000000
25061|2025-06-02|02,11,16,23,28|05,10|1489857621|10|8139831
25060|2025-05-31|12,14,19,33,34|01,07|1530054633|2|10000000
25059|2025-05-28|03,09,10,11,26|01,02|1472810542|4|10000000
25058|2025-05-26|06,11,15,21,23|01,07|1457374217|3|10000000
25057|2025-05-24|09,10,11,12,29|01,10|1415654589|4|10000000
25056|2025-05-21|12,15,28,29,32|08,11|1375155245|2|10000000
25055|2025-05-19|08,10,25,29,30|01,02|1329842897|6|10000000
25054|2025-05-17|03,12,16,21,29|01,02|1305673258|6|10000000
25053|2025-05-14|14,23,29,30,33|06,12|1281475210|7|10000000
25052|2025-05-12|02,04,11,29,30|02,08|1261675357|3|10000000
25051|2025-05-10|02,04,13,29,31|05,12|1208341380|5|10000000
25050|2025-05-07|15,18,20,21,34|04,10|1220697850|7|10000000
25049|2025-05-05|09,20,22,29,34|03,08|1233463085|10|9368639
25048|2025-05-03|02,06,17,23,35|06,11|1258998704|2|10000000
25047|2025-04-30|03,10,11,12,21|02,03|1202271493|9|10000000
25046|2025-04-28|04,10,15,20,34|04,07|1213336580|4|10000000
25045|2025-04-26|08,11,21,23,27|03,08|1207089478|10|9199763
25044|2025-04-23|15,17,21,22,26|02,08|1237807813|4|10000000
25043|2025-04-21|03,16,20,21,27|09,11|1212466180|2|10000000
25042|2025-04-19|06,08,11,18,20|05,11|1157421362|2|10000000
25041|2025-04-16|03,04,21,22,27|05,11|1110680828|8|8448564
25040|2025-04-14|02,08,16,31,32|04,12|1147506477|4|10000000
25039|2025-04-12|03,07,14,15,19|06,10|1128975871|4|10000000
25038|2025-04-09|07,08,20,26,34|08,09|1098668136|4|10000000
25037|2025-04-07|05,20,23,27,31|04,06|1078059212|3|10000000
25036|2025-04-05|04,07,13,27,30|02,06|1044099471|4|10000000
25035|2025-04-02|22,25,28,29,30|04,08|1034539140|6|10000000
25034|2025-03-31|04,15,22,28,33|06,08|1046884586|12|6578028
25033|2025-03-29|01,02,08,10,33|10,12|1132503712|3|10000000
25032|2025-03-26|12,22,25,27,28|01,02|1094382586|0|0
25031|2025-03-24|14,18,20,25,35|01,07|1024377873|4|10000000
25030|2025-03-22|03,09,14,24,28|06,07|995094280|9|7699188
25029|2025-03-19|05,09,26,31,33|03,10|1043234948|2|10000000
25028|2025-03-17|06,08,20,25,29|03,07|1006966152|7|8904156
25027|2025-03-15|03,06,11,13,20|01,11|1035665608|8|10000000
25026|2025-03-12|02,03,07,17,30|01,09|1039296517|1|10000000
25025|2025-03-10|03,06,08,10,25|03,07|993864524|7|7559158
25024|2025-03-08|06,12,13,16,23|05,08|1035953603|14|6364847
25023|2025-03-05|10,20,22,24,25|09,12|1115584484|4|10000000
25022|2025-03-03|01,11,13,27,29|04,10|1103298038|7|9280845
25021|2025-03-01|10,18,25,30,35|03,12|1123599303|7|10000000
25020|2025-02-26|01,09,12,22,29|05,09|1132471892|8|8494966
25019|2025-02-24|07,08,11,18,23|03,11|1159248699|7|8207321
25018|2025-02-22|01,07,09,20,28|01,04|1191928482|16|7273028
25017|2025-02-19|10,12,26,28,31|03,10|1260507194|1|10000000
25016|2025-02-17|05,07,12,20,29|08,12|1212239218|12|6900770
25015|2025-02-15|07,10,24,31,35|01,08|1290950589|4|10000000
25014|2025-02-12|05,19,22,29,35|02,10|1278086020|4|10000000
25013|2025-02-10|14,16,18,20,35|02,05|1260404090|5|10000000
25012|2025-02-08|02,18,19,21,25|02,11|1240397719|2|10000000
25011|2025-01-25|03,06,07,11,27|02,08|1183329142|5|9667253
25010|2025-01-22|05,21,28,30,32|07,12|1197169902|6|10000000
25009|2025-01-20|03,19,21,30,32|06,09|1207630140|5|10000000
25008|2025-01-18|01,05,07,13,35|05,12|1208994729|7|10000000
25007|2025-01-15|15,22,23,25,31|01,09|1221403982|1|10000000
25006|2025-01-13|03,04,13,19,35|03,10|1157222669|4|10000000
25005|2025-01-11|05,06,08,31,32|09,11|1135025880|4|9839697
25004|2025-01-08|02,05,09,13,33|01,07|1149680406|3|10000000
25003|2025-01-06|10,25,30,32,34|04,10|1125887685|1|10000000
25002|2025-01-04|19,21,22,28,32|06,09|1059802300|7|8977032
25001|2025-01-01|05,08,16,17,27|04,07|1083648909|12|7654708